-3.7056 -9.1068
-3.7973 -9.0306
-3.8976 -8.9524
-4.0073 -8.8721
-4.1267 -8.7895
-4.2565 -8.7047
-4.3968 -8.6175
-4.5477 -8.5281
-4.7090 -8.4364
-4.8801 -8.3427
-5.0600 -8.2470
-5.2470 -8.1498
-5.4387 -8.0513
-5.6321 -7.9521
-5.8235 -7.8528
-6.0083 -7.7539
-6.1819 -7.6559
-6.3394 -7.5587
-6.4772 -7.4613
-6.5939 -7.3590
-6.6903 -7.2372
-6.7551 -7.0581
-6.7135 -6.8170
-6.5626 -6.6478
-6.3953 -6.5597
-6.2223 -6.5039
-6.0374 -6.4616
-5.8396 -6.4263
-5.6313 -6.3951
-5.4164 -6.3664
-5.1990 -6.3390
-4.9828 -6.3119
-4.7710 -6.2845
-4.5658 -6.2562
-4.3693 -6.2268
-4.1825 -6.1961
-4.0062 -6.1639
-3.8407 -6.1301
-3.6860 -6.0949
-3.5419 -6.0582
-3.4080 -6.0201
-3.2838 -5.9809
-3.1687 -5.9405
-3.0622 -5.8992
-2.9635 -5.8570
-2.8720 -5.8139
-2.7872 -5.7702
-2.7083 -5.7259
-2.6350 -5.6809
-2.5665 -5.6354
-2.5025 -5.5894
-2.4426 -5.5429
-2.3862 -5.4958
-2.3330 -5.4482
-2.2827 -5.4001
-2.2351 -5.3515
-2.1898 -5.3023
-2.1467 -5.2525
-2.1056 -5.2021
-2.0662 -5.1512
-2.0285 -5.0998
-1.9923 -5.0477
-1.9575 -4.9952
-1.9240 -4.9421
-1.8917 -4.8885
-1.8605 -4.8344
-1.8303 -4.7798
-1.8011 -4.7248
-1.7729 -4.6694
-1.7454 -4.6135
-1.7188 -4.5573
-1.6929 -4.5007
-1.6677 -4.4437
-1.6431 -4.3864
-1.6192 -4.3288
-1.5959 -4.2709
-1.5731 -4.2127
-1.5509 -4.1543
-1.5291 -4.0956
-1.5079 -4.0367
-1.4870 -3.9776
-1.4666 -3.9183
-1.4465 -3.8587
-1.4269 -3.7990
-1.4076 -3.7392
-1.3886 -3.6791
-1.3699 -3.6190
-1.3516 -3.5586
-1.3335 -3.4982
-1.3157 -3.4376
-1.2982 -3.3769
-1.2809 -3.3161
-1.2638 -3.2552
-1.2470 -3.1942
-1.2304 -3.1331
-1.2140 -3.0719
-1.1977 -3.0106
-1.1817 -2.9492
-1.1658 -2.8878
-1.1501 -2.8263
-1.1346 -2.7647
-1.1330 -2.7359
-1.1094 -2.6362
-1.0848 -2.5584
-1.0550 -2.4805
-1.0190 -2.4022
-0.9752 -2.3228
-0.9206 -2.2416
-0.8493 -2.1575
-0.7455 -2.0684
-0.2271 -2.0170
-0.0959 -2.1053
0.0373 -2.2716
0.0875 -2.3878
0.1162 -2.4896
0.1331 -2.5833
0.1418 -2.6720
0.1445 -2.7572
0.1419 -2.8399
0.1348 -2.9208
0.1149 -3.0210
0.1140 -3.0500
0.1078 -3.1132
0.1017 -3.1764
0.0957 -3.2396
0.0900 -3.3028
0.0845 -3.3660
0.0792 -3.4291
0.0742 -3.4923
0.0694 -3.5554
0.0648 -3.6185
0.0606 -3.6816
0.0566 -3.7447
0.0529 -3.8078
0.0495 -3.8708
0.0464 -3.9339
0.0437 -3.9968
0.0414 -4.0598
0.0395 -4.1227
0.0380 -4.1856
0.0369 -4.2485
0.0363 -4.3113
0.0362 -4.3741
0.0365 -4.4368
0.0375 -4.4995
0.0390 -4.5621
0.0412 -4.6247
0.0440 -4.6872
0.0475 -4.7496
0.0517 -4.8120
0.0568 -4.8743
0.0627 -4.9365
0.0694 -4.9987
0.0772 -5.0607
0.0859 -5.1227
0.0958 -5.1846
0.1067 -5.2464
0.1190 -5.3082
0.1325 -5.3699
0.1475 -5.4315
0.1640 -5.4931
0.1821 -5.5547
0.2020 -5.6163
0.2238 -5.6780
0.2477 -5.7398
0.2738 -5.8018
0.3023 -5.8640
0.3335 -5.9266
0.3677 -5.9896
0.4050 -6.0531
0.4459 -6.1173
0.4907 -6.1823
0.5398 -6.2483
0.5937 -6.3154
0.6528 -6.3837
0.7178 -6.4534
0.7891 -6.5246
0.8674 -6.5976
0.9533 -6.6724
1.0475 -6.7491
1.1505 -6.8279
1.2630 -6.9089
1.3854 -6.9921
1.5183 -7.0776
1.6617 -7.1655
1.8157 -7.2556
1.9800 -7.3478
2.1538 -7.4422
2.3360 -7.5383
2.5246 -7.6360
2.7172 -7.7348
2.9104 -7.8340
3.1004 -7.9333
3.2824 -8.0320
3.4517 -8.1297
3.6037 -8.2267
3.7354 -8.3248
3.8459 -8.4306
3.9359 -8.5641
3.9802 -8.7677
3.8965 -9.0014
3.7352 -9.1406
3.5670 -9.2158
3.3909 -9.2665
3.2021 -9.3063
3.0009 -9.3402
2.7902 -9.3704
2.5742 -9.3986
2.3568 -9.4259
2.1416 -9.4530
