9.4511 -5.1496
9.3754 -5.1351
9.2997 -5.0803
9.2240 -4.9879
9.1483 -4.8621
9.0726 -4.7082
8.9969 -4.5322
8.9212 -4.3402
8.8455 -4.1379
8.7698 -3.9306
8.6942 -3.7227
8.6185 -3.5176
8.5428 -3.3182
8.4671 -3.1265
8.3914 -2.9437
8.3157 -2.7707
8.2400 -2.6079
8.1643 -2.4554
8.0886 -2.3129
8.0129 -2.1803
7.9372 -2.0569
7.8615 -1.9424
7.7858 -1.8362
7.7101 -1.7377
7.6344 -1.6463
7.5587 -1.5617
7.4830 -1.4831
7.4073 -1.4102
7.3316 -1.3426
7.2559 -1.2797
7.1802 -1.2212
7.1045 -1.1668
7.0288 -1.1161
6.9531 -1.0688
6.8774 -1.0247
6.8017 -0.9835
6.7260 -0.9449
6.6503 -0.9088
6.5746 -0.8750
6.4989 -0.8433
6.4232 -0.8135
6.3475 -0.7855
6.2718 -0.7591
6.1961 -0.7343
6.1204 -0.7109
6.0447 -0.6888
5.9690 -0.6680
5.8933 -0.6483
5.8176 -0.6297
5.7419 -0.6120
5.6662 -0.5953
5.5905 -0.5795
5.5148 -0.5644
5.4391 -0.5501
5.3634 -0.5365
5.2877 -0.5236
5.2120 -0.5113
5.1363 -0.4996
5.0606 -0.4884
4.9849 -0.4778
4.9092 -0.4676
4.8335 -0.4579
4.7578 -0.4486
4.6822 -0.4397
4.6065 -0.4312
4.5308 -0.4231
4.4551 -0.4153
4.3794 -0.4078
4.3037 -0.4007
4.2280 -0.3938
4.1523 -0.3872
4.0766 -0.3808
4.0009 -0.3748
3.9252 -0.3689
3.8495 -0.3633
3.7738 -0.3578
3.6981 -0.3526
3.6224 -0.3476
3.5467 -0.3427
3.4710 -0.3381
3.3953 -0.3410
3.3196 -0.3357
3.2439 -0.3269
3.1682 -0.3140
3.0925 -0.2967
3.0168 -0.2741
2.9411 -0.2447
2.8654 -0.2056
2.7897 -0.1494
2.7140 0.0048
2.7897 0.1494
2.8654 0.2056
2.9411 0.2447
3.0168 0.2741
3.0925 0.2967
3.1682 0.3140
3.2439 0.3269
3.3196 0.3357
3.3953 0.3410
3.4710 0.3381
3.5467 0.3427
3.6224 0.3476
3.6981 0.3526
3.7738 0.3578
3.8495 0.3633
3.9252 0.3689
4.0009 0.3748
4.0766 0.3808
4.1523 0.3872
4.2280 0.3938
4.3037 0.4007
4.3794 0.4078
4.4551 0.4153
4.5308 0.4231
4.6065 0.4312
4.6822 0.4397
4.7578 0.4486
4.8335 0.4579
4.9092 0.4676
4.9849 0.4778
5.0606 0.4884
5.1363 0.4996
5.2120 0.5113
5.2877 0.5236
5.3634 0.5365
5.4391 0.5501
5.5148 0.5644
5.5905 0.5795
5.6662 0.5953
5.7419 0.6120
5.8176 0.6297
5.8933 0.6483
5.9690 0.6680
6.0447 0.6888
6.1204 0.7109
6.1961 0.7343
6.2718 0.7591
6.3475 0.7855
6.4232 0.8135
6.4989 0.8433
6.5746 0.8750
6.6503 0.9088
6.7260 0.9449
6.8017 0.9835
6.8774 1.0247
6.9531 1.0688
7.0288 1.1161
7.1045 1.1668
7.1802 1.2212
7.2559 1.2797
7.3316 1.3426
7.4073 1.4102
7.4830 1.4831
7.5587 1.5617
7.6344 1.6463
7.7101 1.7377
7.7858 1.8362
7.8615 1.9424
7.9372 2.0569
8.0129 2.1803
8.0886 2.3129
8.1643 2.4554
8.2400 2.6079
8.3157 2.7707
8.3914 2.9437
8.4671 3.1265
8.5428 3.3182
8.6185 3.5176
8.6942 3.7227
8.7698 3.9306
8.8455 4.1379
8.9212 4.3402
8.9969 4.5322
9.0726 4.7082
9.1483 4.8621
9.2240 4.9879
9.2997 5.0803
9.3754 5.1351
