0.0000e+00,8.1915e-01,5.7358e-01
2.2977e-04,8.2079e-01,5.7123e-01
1.7679e-03,8.2546e-01,5.6446e-01
5.8324e-03,8.3279e-01,5.5355e-01
1.3520e-02,8.4224e-01,5.3894e-01
2.5750e-02,8.5304e-01,5.2122e-01
4.3215e-02,8.6430e-01,5.0112e-01
6.6340e-02,8.7504e-01,4.7948e-01
9.5251e-02,8.8422e-01,4.5725e-01
1.2976e-01,8.9085e-01,4.3538e-01
1.6936e-01,8.9398e-01,4.1486e-01
2.1326e-01,8.9287e-01,3.9662e-01
2.6041e-01,8.8692e-01,3.8151e-01
3.0956e-01,8.7584e-01,3.7023e-01
3.5932e-01,8.5959e-01,3.6332e-01
4.0827e-01,8.3840e-01,3.6111e-01
4.5502e-01,8.1282e-01,3.6371e-01
4.9832e-01,7.8361e-01,3.7099e-01
5.3709e-01,7.5176e-01,3.8260e-01
5.7055e-01,7.1839e-01,3.9799e-01
5.9817e-01,6.8466e-01,4.1645e-01
6.1979e-01,6.5176e-01,4.3711e-01
6.3554e-01,6.2078e-01,4.5904e-01
6.4585e-01,5.9267e-01,4.8127e-01
6.5142e-01,5.6818e-01,5.0281e-01
6.5314e-01,5.4785e-01,5.2275e-01
6.5207e-01,5.3191e-01,5.4025e-01
6.4935e-01,5.2038e-01,5.5458e-01
6.4611e-01,5.1295e-01,5.6517e-01
6.4350e-01,5.0912e-01,5.7158e-01
6.4252e-01,5.0812e-01,5.7357e-01
6.4406e-01,5.0901e-01,5.7105e-01
6.4880e-01,5.1070e-01,5.6413e-01
6.5722e-01,5.1203e-01,5.5307e-01
6.6954e-01,5.1178e-01,5.3833e-01
6.8574e-01,5.0876e-01,5.2050e-01
7.0554e-01,5.0188e-01,5.0033e-01
7.2841e-01,4.9021e-01,4.7866e-01
7.5362e-01,4.7302e-01,4.5641e-01
7.8025e-01,4.4983e-01,4.3458e-01
8.0727e-01,4.2048e-01,4.1413e-01
8.3358e-01,3.8513e-01,3.9600e-01
8.5808e-01,3.4427e-01,3.8101e-01
8.7975e-01,2.9869e-01,3.6989e-01
8.9771e-01,2.4946e-01,3.6315e-01
9.1129e-01,1.9786e-01,3.6112e-01
9.2003e-01,1.4531e-01,3.6390e-01
9.2380e-01,9.3284e-02,3.7135e-01
9.2269e-01,4.3212e-02,3.8311e-01
9.1710e-01,-3.5875e-03,3.9863e-01
9.0766e-01,-4.5996e-02,4.1719e-01
8.9516e-01,-8.3153e-02,4.3792e-01
8.8057e-01,-1.1450e-01,4.5988e-01
8.6490e-01,-1.3980e-01,4.8209e-01
8.4916e-01,-1.5913e-01,5.0359e-01
8.3433e-01,-1.7290e-01,5.2345e-01
8.2124e-01,-1.8178e-01,5.4084e-01
8.1060e-01,-1.8667e-01,5.5505e-01
8.0289e-01,-1.8865e-01,5.6548e-01
7.9839e-01,-1.8893e-01,5.7174e-01
7.9711e-01,-1.8880e-01,5.7356e-01
7.9887e-01,-1.8950e-01,5.7087e-01
8.0323e-01,-1.9227e-01,5.6378e-01
8.0955e-01,-1.9819e-01,5.5258e-01
8.1702e-01,-2.0818e-01,5.3771e-01
8.2469e-01,-2.2294e-01,5.1979e-01
8.3153e-01,-2.4293e-01,4.9954e-01
8.3647e-01,-2.6831e-01,4.7783e-01
8.3850e-01,-2.9894e-01,4.5558e-01
8.3667e-01,-3.3439e-01,4.3379e-01
8.3023e-01,-3.7392e-01,4.1341e-01
8.1862e-01,-4.1658e-01,3.9537e-01
8.0156e-01,-4.6119e-01,3.8052e-01
7.7905e-01,-5.0646e-01,3.6956e-01
7.5140e-01,-5.5104e-01,3.6299e-01
7.1918e-01,-5.9359e-01,3.6114e-01
6.8327e-01,-6.3291e-01,3.6409e-01
6.4472e-01,-6.6796e-01,3.7171e-01
6.0473e-01,-6.9795e-01,3.8363e-01
5.6457e-01,-7.2239e-01,3.9928e-01
5.2551e-01,-7.4107e-01,4.1793e-01
4.8872e-01,-7.5411e-01,4.3872e-01
4.5522e-01,-7.6192e-01,4.6071e-01
4.2582e-01,-7.6516e-01,4.8292e-01
4.0107e-01,-7.6469e-01,5.0437e-01
3.8125e-01,-7.6152e-01,5.2415e-01
3.6636e-01,-7.5672e-01,5.4144e-01
3.5609e-01,-7.5141e-01,5.5551e-01
3.4989e-01,-7.4663e-01,5.6580e-01
3.4698e-01,-7.4334e-01,5.7189e-01
3.4636e-01,-7.4235e-01,5.7354e-01
3.4692e-01,-7.4429e-01,5.7068e-01
3.4743e-01,-7.4955e-01,5.6344e-01
3.4664e-01,-7.5831e-01,5.5209e-01
3.4332e-01,-7.7049e-01,5.3709e-01
3.3634e-01,-7.8578e-01,5.1906e-01
3.2471e-01,-8.0362e-01,4.9875e-01
3.0766e-01,-8.2330e-01,4.7700e-01
2.8466e-01,-8.4390e-01,4.5475e-01
2.5549e-01,-8.6443e-01,4.3299e-01
2.2027e-01,-8.8384e-01,4.1268e-01
1.7941e-01,-9.0110e-01,3.9476e-01
1.3367e-01,-9.1526e-01,3.8004e-01
8.4074e-02,-9.2553e-01,3.6923e-01
3.1883e-02,-9.3131e-01,3.6284e-01
-2.1493e-02,-9.3225e-01,3.6116e-01
-7.4572e-02,-9.2829e-01,3.6430e-01
-1.2589e-01,-9.1962e-01,3.7208e-01
-1.7408e-01,-9.0671e-01,3.8415e-01
-2.1797e-01,-8.9025e-01,3.9993e-01
-2.5665e-01,-8.7112e-01,4.1867e-01
-2.8947e-01,-8.5031e-01,4.3953e-01
-3.1615e-01,-8.2887e-01,4.6154e-01
-3.3670e-01,-8.0786e-01,4.8374e-01
