8.2890 -5.3319
8.1239 -5.4269
7.8792 -5.4277
7.6864 -5.3085
7.5706 -5.1591
7.4856 -4.9984
7.4118 -4.8236
7.3427 -4.6349
7.2758 -4.4352
7.2103 -4.2286
7.1455 -4.0193
7.0813 -3.8111
7.0175 -3.6072
6.9540 -3.4101
6.8910 -3.2216
6.8282 -3.0430
6.7659 -2.8750
6.7039 -2.7179
6.6423 -2.5717
6.5812 -2.4361
6.5205 -2.3109
6.4603 -2.1954
6.4005 -2.0890
6.3413 -1.9913
6.2826 -1.9014
6.2243 -1.8188
6.1665 -1.7428
6.1092 -1.6729
6.0522 -1.6085
5.9955 -1.5490
5.9391 -1.4939
5.8828 -1.4429
5.8267 -1.3956
5.7706 -1.3515
5.7145 -1.3103
5.6583 -1.2719
5.6020 -1.2358
5.5455 -1.2020
5.4887 -1.1703
5.4318 -1.1404
5.3745 -1.1122
5.3170 -1.0855
5.2592 -1.0604
5.2011 -1.0366
5.1427 -1.0141
5.0840 -0.9928
5.0251 -0.9725
4.9658 -0.9533
4.9063 -0.9351
4.8465 -0.9178
4.7865 -0.9013
4.7262 -0.8856
4.6658 -0.8707
4.6051 -0.8565
4.5442 -0.8430
4.4831 -0.8300
4.4219 -0.8177
4.3605 -0.8060
4.2989 -0.7947
4.2372 -0.7840
4.1754 -0.7737
4.1134 -0.7639
4.0513 -0.7545
3.9891 -0.7455
3.9268 -0.7369
3.8644 -0.7286
3.8019 -0.7207
3.7393 -0.7131
3.6766 -0.7058
3.6139 -0.6988
3.5510 -0.6921
3.4882 -0.6856
3.4252 -0.6794
3.3622 -0.6734
3.2991 -0.6676
3.2360 -0.6621
3.1728 -0.6568
3.1096 -0.6516
3.0464 -0.6467
2.9831 -0.6419
2.9197 -0.6373
2.8910 -0.6407
2.7888 -0.6348
2.7079 -0.6240
2.6260 -0.6082
2.5426 -0.5864
2.4568 -0.5570
2.3674 -0.5174
2.2722 -0.4618
2.1665 -0.3750
2.0258 0.1265
2.0899 0.2711
2.2306 0.4312
2.3363 0.5009
2.4316 0.5468
2.5210 0.5796
2.6068 0.6037
2.6902 0.6210
2.7721 0.6329
2.8530 0.6400
2.9552 0.6377
2.9839 0.6419
3.0472 0.6467
3.1105 0.6517
3.1738 0.6568
3.2370 0.6622
3.3002 0.6677
3.3633 0.6735
3.4263 0.6795
3.4894 0.6857
3.5523 0.6922
3.6152 0.6990
3.6780 0.7060
3.7408 0.7133
3.8034 0.7209
3.8660 0.7288
3.9285 0.7371
3.9909 0.7458
4.0533 0.7548
4.1155 0.7642
4.1775 0.7741
4.2395 0.7844
4.3014 0.7952
4.3631 0.8064
4.4246 0.8183
4.4860 0.8306
4.5473 0.8436
4.6084 0.8572
4.6692 0.8715
4.7299 0.8866
4.7904 0.9023
4.8506 0.9189
4.9107 0.9364
4.9704 0.9548
5.0300 0.9742
5.0892 0.9946
5.1482 1.0161
5.2069 1.0389
5.2653 1.0630
5.3234 1.0884
5.3812 1.1153
5.4387 1.1439
5.4959 1.1742
5.5529 1.2064
5.6096 1.2406
5.6661 1.2771
5.7224 1.3160
5.7786 1.3576
5.8347 1.4022
5.8908 1.4500
5.9470 1.5014
6.0032 1.5568
6.0596 1.6166
6.1163 1.6813
6.1733 1.7514
6.2307 1.8275
6.2885 1.9101
6.3467 1.9999
6.4055 2.0975
6.4647 2.2035
6.5244 2.3187
6.5846 2.4435
6.6453 2.5786
6.7065 2.7242
6.7681 2.8807
6.8300 3.0480
6.8924 3.2258
6.9551 3.4134
7.0182 3.6095
7.0816 3.8122
7.1454 4.0190
7.2096 4.2266
7.2744 4.4309
7.3400 4.6273
7.4068 4.8109
7.4759 4.9775
7.5497 5.1242
7.6347 5.2514
7.7506 5.3633
7.9434 5.4422
8.1881 5.4004
8.3531 5.2657
8.4563 5.1131
8.5369 4.9485
8.6089 4.7695
8.6772 4.5772
8.7436 4.3750
8.8089 4.1671
8.8735 3.9578
8.9375 3.7505
9.0012 3.5484
9.0645 3.3537
9.1275 3.1680
9.1901 2.9925
9.2524 2.8277
9.3142 2.6738
9.3757 2.5307
9.4367 2.3982
9.4973 2.2759
9.5574 2.1632
